Webots Project File version R2021b
perspectives: 000000ff00000000fd0000000200000001000001a600000278fc0200000001fb0000001400540065007800740045006400690074006f00720100000000000002780000008b00ffffff000000030000056b00000083fc0100000001fb0000001a0043006f006e0073006f006c00650041006c006c0041006c006c01000000000000056b0000008700ffffff000003c30000027800000001000000020000000100000008fc00000000
simulationViewPerspectives: 000000ff0000000100000002000000fa000002c70100000002010000000100
sceneTreePerspectives: 000000ff00000001000000020000011a000000000100000002010000000200
maximizedDockId: -1
centralWidgetVisible: 1
renderingMode: PLAIN
orthographicViewHeight: 1
textFiles: 0 "controllers/mavic2proPython/mavic2proPython.py"
consoles: Console:All:All
renderingDevicePerspectives: Mavic 2 PRO(1):camera;1;0.670833;0.0220878;0.0034904
