Webots Project File version R2021b
perspectives: 000000ff00000000fd00000002000000010000029100000222fc0200000001fb0000001400540065007800740045006400690074006f00720100000000000002220000008b00ffffff000000030000056b000000d9fc0100000001fb0000001a0043006f006e0073006f006c00650041006c006c0041006c006c01000000000000056b0000008700ffffff000002d80000022200000001000000020000000100000008fc00000000
simulationViewPerspectives: 000000ff000000010000000200000000000002d60100000002010000000100
sceneTreePerspectives: 000000ff0000000100000002000000f4000000fa0100000002010000000200
maximizedDockId: -1
centralWidgetVisible: 1
orthographicViewHeight: 1
textFiles: 0 "controllers/mavic2proPython/mavic2proPython.py"
consoles: Console:All:All
renderingDevicePerspectives: Mavic 2 PRO(1):camera;1;0.545833;0.00137741;0.0164271
renderingDevicePerspectives: e-puck:camera;1;1;0;0
