Webots Project File version R2021b
perspectives: 000000ff00000000fd0000000200000001000001a0000002c2fc0200000001fb0000001400540065007800740045006400690074006f00720100000000000002c20000008b00ffffff000000030000056b00000039fc0100000001fb0000001a0043006f006e0073006f006c00650041006c006c0041006c006c01000000000000056b0000008700ffffff000003c9000002c200000001000000020000000100000008fc00000000
simulationViewPerspectives: 000000ff000000010000000200000000000003c70100000002010000000100
sceneTreePerspectives: 000000ff0000000100000002000000f4000000fa0100000002010000000200
maximizedDockId: -1
centralWidgetVisible: 1
orthographicViewHeight: 1
textFiles: 0 "controllers/mavic2proPython/mavic2proPython.py"
consoles: Console:All:All
renderingDevicePerspectives: Mavic 2 PRO(1):camera;1;0.44;0.0218023;0.00154596
renderingDevicePerspectives: e-puck:camera;1;1;0;0
