Webots Project File version R2021b
perspectives: 000000ff00000000fd0000000200000001000001da00000220fc0200000001fb0000001400540065007800740045006400690074006f00720100000000000002200000008b00ffffff000000030000056b000000dbfc0100000001fb0000001a0043006f006e0073006f006c00650041006c006c0041006c006c01000000000000056b0000008700ffffff0000038f0000022000000001000000020000000100000008fc00000000
simulationViewPerspectives: 000000ff000000010000000200000117000002760100000002010000000100
sceneTreePerspectives: 000000ff0000000100000002000001e3000000000100000002010000000200
maximizedDockId: -1
centralWidgetVisible: 1
orthographicViewHeight: 1
textFiles: 0 "controllers/mavic2proPython/mavic2proPython.py"
consoles: Console:All:All
renderingDevicePerspectives: Mavic 2 PRO(1):camera;1;0.45;0.711111;0.0371134
